200.0     3.031e-10    
225.0     2.01e-10    
250.0     1.395e-10    
275.0     9.903e-11    
300.0     7.282e-11    
325.0     5.51e-11    
350.0     4.156e-11    
375.0     3.113e-11    
400.0     2.405e-11    
425.0     1.876e-11    
450.0     1.497e-11    
475.0     1.213e-11    
500.0     9.867e-12    
525.0     8.213e-12    
550.0     6.784e-12    
575.0     5.649e-12    
600.0     4.717e-12    
625.0     3.966e-12    
650.0     3.389e-12    
675.0     2.847e-12    
700.0     2.452e-12    
725.0     2.066e-12    
750.0     1.776e-12    
775.0     1.552e-12    
800.0     1.323e-12    
825.0     1.147e-12    
850.0     9.954e-13    
875.0     8.699e-13    
900.0     7.682e-13    
925.0     6.668e-13    
950.0     5.83e-13    
975.0     5.187e-13    
1000.0     4.52e-13    
1025.0     3.999e-13    
1050.0     3.588e-13    
1075.0     3.107e-13    
1100.0     2.729e-13    
1125.0     2.443e-13    
1150.0     2.212e-13    
1175.0     1.928e-13    
1200.0     1.72e-13    
1225.0     1.541e-13    
1250.0     1.374e-13    
1275.0     1.239e-13    
1300.0     1.097e-13    
1325.0     9.847e-14    
1350.0     8.917e-14    
1375.0     7.941e-14    
1400.0     7.045e-14    
1425.0     6.356e-14    
1450.0     5.675e-14    
1475.0     5.138e-14    
1500.0     4.597e-14    
