200.0     0.00293963     7.45048e-05    
225.0     0.00339292     8.50172e-05    
250.0     0.00381427     9.3948e-05    
275.0     0.00402659     9.63197e-05    
300.0     0.00440046     0.000104819    
325.0     0.00465186     0.000109172    
350.0     0.00513238     0.000119429    
375.0     0.0056537     0.000130615    
400.0     0.00618209     0.000142776    
425.0     0.00650886     0.000148372    
450.0     0.00692646     0.000156226    
475.0     0.00741172     0.000166629    
500.0     0.0076155     0.000168946    
525.0     0.00848958     0.000187606    
550.0     0.00861467     0.000189394    
575.0     0.00907835     0.000197614    
600.0     0.00939273     0.000204635    
625.0     0.00973789     0.000210668    
650.0     0.0102951     0.000222859    
675.0     0.0105617     0.000229519    
700.0     0.010661     0.000229025    
725.0     0.011374     0.000245821    
750.0     0.0112201     0.000240629    
775.0     0.0118179     0.0002517    
800.0     0.0120741     0.000257696    
825.0     0.0129939     0.000275826    
850.0     0.0132905     0.000283708    
875.0     0.0138209     0.000293695    
900.0     0.0142419     0.000300766    
925.0     0.0145614     0.000308657    
975.0     0.0152061     0.000321158    
1000.0     0.0155621     0.000328966    
1025.0     0.0165088     0.000347461    
1050.0     0.0169719     0.000359097    
1075.0     0.0172816     0.000365315    
1100.0     0.0178355     0.000372991    
1125.0     0.0177959     0.000371363    
1150.0     0.0183171     0.00038567    
1175.0     0.0185251     0.000386437    
1200.0     0.0192596     0.000401814    
1225.0     0.0194439     0.000404301    
1250.0     0.0199187     0.00041414    
1275.0     0.0206501     0.000430823    
1300.0     0.0208591     0.000429849    
1325.0     0.0208489     0.000432219    
1350.0     0.021642     0.000450127    
1375.0     0.0217533     0.000451504    
1400.0     0.0218566     0.000453189    
1425.0     0.0227575     0.000468261    
1450.0     0.023312     0.000479506    
1475.0     0.0231958     0.000479036    
1500.0     0.0241875     0.000500302    
