200.0     4.356e-10    
225.0     2.877e-10    
250.0     1.983e-10    
275.0     1.428e-10    
300.0     1.045e-10    
325.0     8.013e-11    
350.0     6.025e-11    
375.0     4.498e-11    
400.0     3.459e-11    
425.0     2.707e-11    
450.0     2.147e-11    
475.0     1.735e-11    
500.0     1.423e-11    
525.0     1.163e-11    
550.0     9.673e-12    
575.0     8.134e-12    
600.0     6.645e-12    
625.0     5.642e-12    
650.0     4.854e-12    
675.0     4.045e-12    
700.0     3.512e-12    
725.0     2.976e-12    
750.0     2.537e-12    
775.0     2.203e-12    
800.0     1.895e-12    
825.0     1.648e-12    
850.0     1.431e-12    
875.0     1.256e-12    
900.0     1.088e-12    
925.0     9.579e-13    
950.0     8.371e-13    
975.0     7.462e-13    
1000.0     6.546e-13    
1025.0     5.745e-13    
1050.0     5.153e-13    
1075.0     4.503e-13    
1100.0     3.923e-13    
1125.0     3.507e-13    
1150.0     3.168e-13    
1175.0     2.77e-13    
1200.0     2.479e-13    
1225.0     2.231e-13    
1250.0     1.978e-13    
1275.0     1.771e-13    
1325.0     1.405e-13    
1350.0     1.287e-13    
1375.0     1.146e-13    
1400.0     1.009e-13    
1425.0     9.168e-14    
1450.0     8.224e-14    
1475.0     7.356e-14    
1500.0     6.663e-14    
