200.0     0.00822424     0.00020795    
225.0     0.00914885     0.000229994    
250.0     0.00997975     0.000244112    
275.0     0.0109028     0.000263925    
300.0     0.0115885     0.000277938    
325.0     0.0120765     0.000282308    
350.0     0.01329     0.000312862    
375.0     0.014947     0.000344735    
400.0     0.0157784     0.000360451    
425.0     0.0179241     0.000403133    
450.0     0.018719     0.000420262    
475.0     0.0201791     0.00044617    
500.0     0.0207584     0.000457565    
525.0     0.0214332     0.000472683    
550.0     0.0234525     0.000513498    
575.0     0.0244139     0.000534137    
600.0     0.0253473     0.000556112    
625.0     0.0262755     0.00056838    
650.0     0.0272229     0.00058886    
675.0     0.0287117     0.000621273    
700.0     0.0292713     0.000634697    
725.0     0.0316819     0.000685681    
750.0     0.0323422     0.0007002    
775.0     0.0331024     0.000705826    
800.0     0.0330487     0.000698705    
825.0     0.0351033     0.000748075    
850.0     0.037569     0.000804025    
875.0     0.0389035     0.000827186    
900.0     0.0393372     0.00083382    
925.0     0.0405972     0.000856352    
950.0     0.041315     0.000876618    
975.0     0.0423288     0.000893288    
1000.0     0.0440738     0.00092773    
1025.0     0.0458481     0.000961268    
1050.0     0.0458582     0.00096201    
1075.0     0.0472529     0.000996641    
1100.0     0.0495843     0.00104055    
1125.0     0.0501089     0.00104549    
1150.0     0.0495434     0.00104415    
1175.0     0.0516956     0.00108519    
1200.0     0.0528815     0.00110952    
1225.0     0.0523584     0.00109599    
1250.0     0.0551757     0.00115212    
1275.0     0.0570021     0.00119165    
1300.0     0.0571528     0.00119771    
1325.0     0.059112     0.00123959    
1350.0     0.0590187     0.00123535    
1375.0     0.0596669     0.00123995    
1400.0     0.0636883     0.00132923    
1425.0     0.063259     0.00132417    
1450.0     0.0646209     0.00134206    
1475.0     0.0668439     0.00138625    
1500.0     0.0685588     0.0014189    
