200.0     1.908e-10    
225.0     1.29e-10    
250.0     8.937e-11    
275.0     6.279e-11    
300.0     4.647e-11    
325.0     3.539e-11    
350.0     2.667e-11    
375.0     2.011e-11    
400.0     1.529e-11    
425.0     1.21e-11    
450.0     9.652e-12    
475.0     7.805e-12    
500.0     6.361e-12    
525.0     5.234e-12    
550.0     4.39e-12    
575.0     3.606e-12    
600.0     3.02e-12    
625.0     2.566e-12    
650.0     2.15e-12    
675.0     1.83e-12    
700.0     1.582e-12    
725.0     1.334e-12    
750.0     1.143e-12    
775.0     1.003e-12    
800.0     8.553e-13    
825.0     7.381e-13    
850.0     6.412e-13    
875.0     5.601e-13    
900.0     4.87e-13    
925.0     4.239e-13    
950.0     3.732e-13    
975.0     3.284e-13    
1000.0     2.92e-13    
1025.0     2.568e-13    
1050.0     2.272e-13    
1075.0     1.999e-13    
1100.0     1.768e-13    
1125.0     1.577e-13    
1150.0     1.412e-13    
1175.0     1.243e-13    
1200.0     1.114e-13    
1225.0     9.855e-14    
1250.0     8.808e-14    
1275.0     7.917e-14    
1300.0     7.054e-14    
1325.0     6.298e-14    
1350.0     5.719e-14    
1375.0     5.051e-14    
1400.0     4.535e-14    
1425.0     4.07e-14    
1450.0     3.653e-14    
1475.0     3.276e-14    
1500.0     2.951e-14    
