400    1.414E-9
450    8.918E-10
500    5.768E-10
550    3.947E-10
600    2.775E-10
650    1.930E-10
700    1.393E-10
750    1.018E-10
775    8.776E-11
800    7.552E-11
825    6.522E-11
850    5.692E-11
875    4.978E-11
900    4.330E-11
925    3.786E-11
950    3.309E-11
975    2.910E-11
1000   2.559E-11
1025   2.250E-11
1050   1.989E-11
1075   1.762E-11
1100   1.554E-11
1125   1.387E-11
1150   1.224E-11
1175   1.092E-11
1200   9.683E-12
1225   8.625E-12
1250   7.670E-12
1275   6.833E-12
1300   6.140E-12
1325   5.502E-12
1350   4.915E-12
1375   4.382E-12
1400   3.949E-12
1425   3.535E-12
1450   3.177E-12
1475   2.845E-12
1500   2.554E-12
1525   2.298E-12
1550   2.073E-12
1575   1.856E-12
1600   1.674E-12
1625   1.511E-12
1650   1.365E-12
1675   1.231E-12
1700   1.108E-12
1725   9.974E-13
1750   9.007E-13
1775   8.154E-13
1800   7.330E-13
1825   6.593E-13
1850   6.000E-13
1875   5.424E-13
1900   4.902E-13
1925   4.429E-13
1950   4.007E-13
1975   3.632E-13
2000   3.285E-13
2025   2.969E-13
2050   2.689E-13
2075   2.434E-13
2100   2.208E-13
2125   1.990E-13
2150   1.803E-13
2175   1.646E-13
2200   1.485E-13 
2225   1.346E-13
2250   1.219E-13
2275   1.108E-13
2300   1.002E-13
2325   9.098E-14
2350   8.210E-14
2375   7.467E-14
2400   6.751E-14
2425   6.125E-14
2450   5.513E-14
2475   5.018E-14
2500   4.561E-14
