200.0     4.74e-11    
225.0     3.237e-11    
250.0     2.23e-11    
275.0     1.592e-11    
300.0     1.165e-11    
325.0     8.846e-12    
350.0     6.693e-12    
375.0     5.054e-12    
400.0     3.902e-12    
425.0     3.053e-12    
450.0     2.442e-12    
475.0     1.949e-12    
500.0     1.589e-12    
525.0     1.311e-12    
550.0     1.088e-12    
575.0     8.987e-13    
600.0     7.602e-13    
625.0     6.339e-13    
650.0     5.367e-13    
675.0     4.579e-13    
700.0     3.928e-13    
725.0     3.334e-13    
750.0     2.874e-13    
775.0     2.473e-13    
800.0     2.135e-13    
825.0     1.831e-13    
850.0     1.609e-13    
875.0     1.392e-13    
900.0     1.215e-13    
925.0     1.067e-13    
950.0     9.463e-14    
975.0     8.299e-14    
1000.0     7.345e-14    
1025.0     6.385e-14    
1050.0     5.682e-14    
1075.0     4.993e-14    
1100.0     4.445e-14    
1125.0     3.909e-14    
1150.0     3.498e-14    
1175.0     3.069e-14    
1200.0     2.77e-14    
1225.0     2.462e-14    
1250.0     2.204e-14    
1275.0     1.963e-14    
1300.0     1.74e-14    
1325.0     1.56e-14    
1350.0     1.397e-14    
1375.0     1.257e-14    
1400.0     1.126e-14    
1425.0     1.015e-14    
1450.0     9.074e-15    
1475.0     8.202e-15    
1500.0     7.376e-15    
