200.0     1.102e-10    
225.0     7.217e-11    
250.0     4.986e-11    
275.0     3.564e-11    
300.0     2.602e-11    
325.0     1.994e-11    
350.0     1.487e-11    
375.0     1.122e-11    
400.0     8.598e-12    
425.0     6.769e-12    
450.0     5.407e-12    
475.0     4.369e-12    
500.0     3.562e-12    
525.0     2.887e-12    
550.0     2.41e-12    
575.0     2.002e-12    
600.0     1.692e-12    
625.0     1.417e-12    
650.0     1.201e-12    
675.0     1.02e-12    
700.0     8.801e-13    
725.0     7.47e-13    
750.0     6.415e-13    
775.0     5.546e-13    
800.0     4.815e-13    
825.0     4.109e-13    
850.0     3.594e-13    
875.0     3.122e-13    
900.0     2.702e-13    
925.0     2.377e-13    
975.0     1.84e-13    
1000.0     1.647e-13    
1025.0     1.438e-13    
1050.0     1.28e-13    
1075.0     1.12e-13    
1100.0     9.936e-14    
1125.0     8.793e-14    
1150.0     7.901e-14    
1175.0     6.968e-14    
1200.0     6.206e-14    
1225.0     5.567e-14    
1250.0     4.967e-14    
1275.0     4.401e-14    
1300.0     3.938e-14    
1325.0     3.556e-14    
1350.0     3.182e-14    
1375.0     2.856e-14    
1400.0     2.561e-14    
1425.0     2.303e-14    
1450.0     2.047e-14    
1475.0     1.843e-14    
1500.0     1.661e-14    
