200.0     0.0126049     0.000322991    
225.0     0.0130781     0.000327024    
250.0     0.014848     0.00036418    
275.0     0.0158392     0.000379333    
300.0     0.0172395     0.000412768    
325.0     0.0183434     0.000433738    
350.0     0.0199574     0.000461838    
375.0     0.0214168     0.000490587    
400.0     0.0226725     0.000516553    
425.0     0.0258445     0.000587037    
450.0     0.027637     0.000616705    
475.0     0.0289603     0.000636922    
500.0     0.0295403     0.000656839    
525.0     0.0327327     0.000723175    
550.0     0.0338816     0.000740207    
575.0     0.0348091     0.000758204    
600.0     0.0378666     0.000822817    
625.0     0.0377827     0.000817901    
650.0     0.039085     0.0008511    
675.0     0.0419981     0.000901841    
700.0     0.0414991     0.000889864    
725.0     0.0452544     0.000978473    
750.0     0.0470087     0.00100849    
775.0     0.0467339     0.000997518    
800.0     0.0489863     0.00104783    
825.0     0.0512423     0.0010857    
850.0     0.0532512     0.00113938    
875.0     0.0546647     0.00116143    
900.0     0.0568584     0.00120154    
925.0     0.0584823     0.00123151    
950.0     0.0596625     0.00126233    
975.0     0.0617345     0.00131321    
1000.0     0.0629858     0.00132647    
1025.0     0.0642905     0.00134834    
1050.0     0.0641705     0.00134956    
1075.0     0.0667289     0.00141009    
1100.0     0.0710392     0.00147368    
1125.0     0.0712428     0.00148805    
1150.0     0.0723702     0.00151645    
1175.0     0.0763739     0.00158628    
1200.0     0.0781645     0.00162135    
1225.0     0.0764894     0.00158451    
1250.0     0.0784384     0.00163447    
1275.0     0.0818388     0.00170929    
1325.0     0.0855171     0.00178479    
1350.0     0.0833197     0.00174468    
1375.0     0.0856867     0.00176734    
1400.0     0.0896279     0.00185183    
1425.0     0.0896839     0.00186339    
1450.0     0.0927319     0.00192643    
1475.0     0.0946991     0.00197179    
1500.0     0.094761     0.00193498    
