200.0     0.00553087     0.000139331    
225.0     0.00603283     0.000148508    
250.0     0.00644039     0.000157241    
275.0     0.00714119     0.000169897    
300.0     0.00757228     0.000179375    
325.0     0.00805769     0.000188668    
350.0     0.00878569     0.000202245    
375.0     0.00969751     0.000221144    
400.0     0.0105369     0.000239996    
425.0     0.0113207     0.000256646    
450.0     0.0117537     0.000262147    
475.0     0.0129946     0.000288736    
500.0     0.0133771     0.00029585    
525.0     0.0138267     0.000303353    
550.0     0.0147265     0.000322405    
575.0     0.015472     0.000339958    
600.0     0.016029     0.000350353    
625.0     0.0167296     0.000365608    
650.0     0.0177575     0.000384621    
675.0     0.0182616     0.000397115    
700.0     0.0185061     0.000395379    
725.0     0.0199252     0.000433958    
750.0     0.0200892     0.000430918    
775.0     0.0212707     0.000453876    
800.0     0.0213096     0.000453181    
825.0     0.0226996     0.000480756    
850.0     0.023494     0.000500476    
875.0     0.0243082     0.000515537    
900.0     0.0249647     0.000527855    
925.0     0.0257827     0.000542541    
950.0     0.0263247     0.00055638    
975.0     0.027289     0.000576953    
1000.0     0.0278183     0.000586191    
1025.0     0.0288294     0.000606126    
1050.0     0.0297799     0.000626164    
1075.0     0.0305589     0.000638788    
1100.0     0.0309969     0.000649863    
1125.0     0.031942     0.00066521    
1150.0     0.0319216     0.000670354    
1175.0     0.0329724     0.000691935    
1200.0     0.0337197     0.000700533    
1225.0     0.0337803     0.000701299    
1250.0     0.033972     0.000708957    
1275.0     0.0364032     0.000756324    
1300.0     0.0369869     0.000760439    
1325.0     0.036691     0.000762298    
1350.0     0.0376039     0.00077917    
1375.0     0.0386368     0.000799702    
1400.0     0.038973     0.00080828    
1425.0     0.0401236     0.000833579    
1450.0     0.0409113     0.00085091    
1475.0     0.0417412     0.000867893    
1500.0     0.0442245     0.000920517    
