200.0     0.00131524     3.38183e-05    
225.0     0.00146851     3.679e-05    
250.0     0.00164811     4.05018e-05    
275.0     0.00178772     4.29635e-05    
300.0     0.00195063     4.65732e-05    
325.0     0.00216914     5.10678e-05    
350.0     0.00223333     5.17887e-05    
375.0     0.00245818     5.67872e-05    
400.0     0.00269022     6.14516e-05    
425.0     0.00283678     6.38833e-05    
450.0     0.003026     6.74208e-05    
475.0     0.00322     7.134e-05    
500.0     0.00336588     7.42948e-05    
525.0     0.00358137     7.89176e-05    
550.0     0.003717     8.18661e-05    
575.0     0.00397946     8.70128e-05    
600.0     0.00405606     8.79883e-05    
625.0     0.00418836     9.12525e-05    
650.0     0.00440076     9.47301e-05    
675.0     0.00454546     9.75647e-05    
700.0     0.00472208     0.000101077    
725.0     0.00487686     0.000105136    
750.0     0.00507822     0.000108661    
775.0     0.00520901     0.000111232    
800.0     0.00540133     0.000115373    
825.0     0.00573286     0.000121898    
850.0     0.00580783     0.000124412    
875.0     0.00618519     0.000132224    
900.0     0.00629541     0.000134461    
925.0     0.0064161     0.000137063    
950.0     0.00662189     0.000141182    
975.0     0.006794     0.00014507    
1000.0     0.00704068     0.000150822    
1025.0     0.00740387     0.000157366    
1050.0     0.00729405     0.000154897    
1075.0     0.00753001     0.000160022    
1100.0     0.00783353     0.000165167    
1125.0     0.00792727     0.000167752    
1150.0     0.00802037     0.000168035    
1175.0     0.00821001     0.000170419    
1200.0     0.00822925     0.000172034    
1225.0     0.00840821     0.000176116    
1250.0     0.00869806     0.00018156    
1275.0     0.00879293     0.000184818    
1300.0     0.00920713     0.000193474    
1325.0     0.00921934     0.00019211    
1350.0     0.00973461     0.000202996    
1375.0     0.00985837     0.000205675    
1400.0     0.00997661     0.000208026    
1425.0     0.0102441     0.000212342    
1450.0     0.0104181     0.000217341    
1475.0     0.0105159     0.000217757    
1500.0     0.0107468     0.000222077    
