400    4.804E-9
450    2.959E-9
500    1.955E-9
550    1.296E-9
600    9.184E-10
650    6.474E-10
700    4.666E-10
750    3.428E-10
775    2.980E-10
800    2.569E-10
825    2.217E-10
850    1.923E-10
875    1.681E-10
900    1.469E-10
925    1.281E-10
950    1.125E-10
975    9.908E-11
1000   8.701E-11
1025   7.654E-11
1050   6.785E-11
1075   5.993E-11
1100   5.312E-11
1125   4.704E-11
1150   4.184E-11
1175   3.712E-11
1200   3.298E-11
1225   2.948E-11
1250   2.618E-11
1275   2.352E-11
1300   2.091E-11
1325   1.879E-11
1350   1.679E-11
1375   1.503E-11
1400   1.346E-11
1425   1.211E-11
1450   1.092E-11
1475   9.764E-12
1500   8.743E-12
1525   7.914E-12
1550   7.152E-12
1575   6.397E-12
1600   5.751E-12
1625   5.207E-12
1650   4.708E-12
1675   4.222E-12
1700   3.835E-12
1725   3.465E-12
1750   3.110E-12
1775   2.813E-12
1800   2.550E-12
1825   2.300E-12
1850   2.086E-12
1875   1.886E-12
1900   1.709E-12
1925   1.544E-12
1950   1.399E-12
1975   1.261E-12
2000   1.152E-12
2025   1.044E-12
2050   9.465E-13
2075   8.553E-13
2100   7.782E-13
2125   7.052E-13
2150   6.387E-13
2175   5.775E-13
2200   5.260E-13
2225   4.745E-13
2250   4.314E-13
2275   3.938E-13
2300   3.569E-13
2325   3.234E-13
2350   2.935E-13
2375   2.670E-13
2400   2.419E-13
2425   2.216E-13
2450   2.001E-13
2475   1.822E-13
2500   1.649E-13
